3.6718416008245143
3.621969212262231
3.578815557582189
3.540636597130732
3.5063051334522495
3.4750484979553313
3.4463126399607558
3.4196858659975757
3.3948533031470185
3.371568313645948
3.3496337965620553
3.328889527505217
3.3092033312371893
3.290464769130242
3.272580524505699
3.2554709632611494
3.239067526145644
3.223310721136019
3.2081485564720706
3.193535302401258
3.1794305016384485
3.165798170463276
3.1526061476748026
3.139825559470827
3.1274303761247078
3.1153970420246084
3.1037041648427444
3.0923322527406922
3.081263490885769
3.0704815503592484
3.05997142392641
3.049719284216487
3.0397123607039167
3.029938832547083
3.020387734868502
3.0110488764822416
3.0019127674136445
2.9929705548310133
2.98421396623235
2.975635258913063
2.9672271748909496
2.9589829005889987
2.9508960306797705
2.942960535581112
2.9351707321651044
2.9275212573026446
2.920007043917302
2.9126232992653636
2.905365485195858
2.8982293001757724
2.8912106628925867
2.8843056972693306
2.8775107187472777
2.8708222217085506
2.864236867925799
2.85775147593902
2.851363011270837
2.8450685774013604
2.838865407432356
2.8327508563779364
2.8267223940256554
2.820777598317655
2.8149141492067056
2.809129822946486
2.803422486779499
2.7977900939895943
2.792230679289225
2.78674235451444
2.7813233046030903
2.775971783834037
2.770686112307133
2.7654646726455816
2.760305906903916
2.755208313666284
2.750170445321056
2.7451909054989785
2.7402683466631412
2.7354014678400316
2.730589012481801
2.7258297664506967
2.7211225561173125
2.7164662465649916
2.7118597398932995
2.707301973614043
2.7027919191338072
2.698328580317437
2.6939109921272975
2.6895382193335573
2.6852093552910485
2.680923520778614
2.6766798628971116
2.6724775540225534
2.6683157908110697
2.6641937932526445
2.6601108037707566
2.656066086365273
2.652058925796112
2.648088626805353
2.644154513375639
2.64025592802284
2.6363922311210968
2.6325628002584582
2.628767029621474
2.6250043294071737
2.621274125260983
2.617575857739208
2.6139089817948054
2.6102729662852315
2.606667293501241
2.6030914587155634
2.599544969750464
2.5960273465632344
2.592538120848738
2.5890768356581546
2.5856430450331507
2.582236313654724
2.578856216506014
2.575502338548421
2.572174274410404
2.5688716280883637
2.565594012659052
3.5688673943663884
3.52215549017564
3.4820454017975875
3.446770733662427
3.4151991084327484
3.386560380683444
3.36030649704946
3.3360332149766734
3.3134335601608393
3.292268732334228
3.2723491533018474
3.253521688276605
3.2356607731307614
3.218662096030514
3.2024379979862525
3.186914059321289
3.1720265225108593
3.157720316495826
3.1439475211604866
3.130666159023355
3.1178392336540757
3.105433956545586
3.0934211196405372
3.0817745816556803
3.070470844204592
3.0594886994347936
3.0488089351051246
3.038414086165368
3.0282882242614066
3.0184167783845344
3.008786381261343
2.999384737146974
2.9902005075166405
2.9812232118045117
2.9724431408570853
2.9638512811811033
2.9554392483974183
2.9471992285795388
2.9391239263726754
2.931206518966207
2.923440615137787
2.9158202187070885
2.908339695836349
2.900993745697423
2.8937773740939265
2.886685869684912
2.8797147825051677
2.8728599045183727
2.8661172519742406
2.85948304937048
2.852953714845742
2.8465258468514683
2.8401962119691713
2.8339617337558005
2.827819482513701
2.8217666658937284
2.8158006202505326
2.809918802678111
2.80411878366172
2.7983982402891288
2.792754949970358
2.7871867846203555
2.7816917052638255
2.776267757025554
2.770913064473297
2.7656258272835297
2.7604043162032768
2.755246869283812
2.750151888364313
2.745117835785605
2.7401432313159675
2.7352266492726023
2.730366715823859
2.7255621064585998
2.7208115436103077
2.7161137944245928
2.711467668659721
2.7068720167106655
2.702325727747969
2.6978277279634106
2.6933769789151434
2.688972475965515
2.6846132468053705
2.6802983500590765
2.6760268739649784
2.6717979351263965
2.667610677328634
2.6634642704178155
2.659357909237674
2.6552908126206956
2.6512622224302835
2.647271402650855
2.643317638522971
2.6394002357208532
2.6355185195697692
2.63167183430098
2.6278595423420827
2.6240810236407315
2.6203356750198457
2.616622909562557
2.612942156025238
2.60929285827708
2.605674474764775
2.602086478000954
2.5985283540751127
2.594999602185846
2.591499734193262
2.588028274190548
2.5845847580936914
2.581168733248437
2.5777797580536106
2.574417401599992
2.571081243323968
2.5677708726752284
2.5644858887978392
2.561225900224034
2.5579905245801142
2.554779388303893
2.551592126373128
2.5484283820444347
2.545287806602199
3.4594616977842634
3.4143644245365925
3.3759787196277973
3.3424693837414425
3.3126666646085208
3.2857791738124913
3.2612465192750535
3.2386573068483475
3.2177005565434755
3.198135427735925
3.1797715553012904
3.162455826895255
3.146063225496516
3.1304903243942
3.115650563195283
3.101470750056773
3.0878884269995104
3.0748498547164003
3.062308449885615
3.0502235582556203
3.0385594804537432
3.0272846904865975
3.016371202905212
3.005794055914903
2.99553088581587
2.9855615740498864
2.975867952460545
2.9664335555977974
2.9572434113212602
2.9482838627975188
2.9395424163973627
2.931007611089609
2.9226689057780932
2.9145165816958967
2.9065416574987273
2.8987358151197054
2.8910913347845484
2.883601037857661
2.8762582364096954
2.8690566885765656
2.8619905589268337
2.8550543831754225
2.848243036681643
2.8415517062527043
2.834975864843205
2.828511248799234
2.8221538373445516
2.8158998340475634
2.8097456500427436
2.8036878888098262
2.79772333233943
2.791848928535401
2.786061779722758
2.7803591321461116
2.7747383663571896
2.7691969884020913
2.7637326217291727
2.758342999747538
2.7530259589738995
2.747779432712475
2.74260144521855
2.7374901063016432
2.7324436063288178
2.7274602115927915
2.7225382600130796
2.7176761571416246
2.712872372447172
2.7081254358551834
2.7034339345223044
2.6987965098263915
2.6942118545548936
2.689678710275968
2.6851958648781324
2.68076215026553
2.6763764401970396
2.6720376482584896
2.667744725958164
2.6634966609366173
2.6592924752826033
2.6551312239475635
2.651011993251778
2.646933899475828
2.642896087531521
2.6388977297069225
2.6349380244805167
2.6310161953999556
2.6271314900211498
2.6232831789038307
2.6194705546599524
2.615692931051623
2.6119496421354422
2.6082400414504043
2.604563501246687
2.6009194117528636
2.5973071804792274
2.593726231555105
2.590176005098154
2.5866559566137917
2.583165556423036
2.579704289117122
2.576271653037411
2.572867159779163
2.569490333717863
2.566140711556876
2.5628178418952574
2.559521284814657
2.55625061148429
2.5530054037830285
2.549785253937721
2.5465897641769013
2.5434185463990895
2.5402712218549706
2.537147420842713
2.534046782415812
2.5309689541028106
2.5279135916383284
2.5248803587048494
2.5218689266847467
2.518878974422055
2.515910187993534
2.5129622604885795
3.348372257074666
3.3035001347903283
3.2656262194739933
3.2328049881182284
3.2038025481299646
3.1777878094078216
3.1541746144097544
3.1325342258646445
3.1125436522517322
3.0939535464814205
3.0765674145223443
3.0602276707490685
3.044806003636993
3.030196547245911
3.0163109326008937
3.0030746307548712
2.9904242032819894
2.9783052029380825
2.9666705484332834
2.9554792504504213
2.9446954016346383
2.93428736756122
2.9242271325479043
2.9144897660721463
2.905052984069362
2.895896785567062
2.88700314964953
2.878355781121232
2.8699398957714455
2.861742038064769
2.8537499255541876
2.8459523154500688
2.8383388896634782
2.8309001553366246
2.8236273584218163
2.8165124083068105
2.809547811833858
2.802726615341167
2.796042353583502
2.7894890045743157
2.7830609495437666
2.7767529373320814
2.7705600526410046
2.764477687651907
2.7585015165906417
2.7526274728791034
2.7468517285637333
2.741170675753725
2.7355809098374757
2.7300792142764796
2.724662546801717
2.719328026859919
2.714072924176076
2.708894648314956
2.7037907391385336
2.698758858068432
2.693796780073064
2.6889023863083805
2.68407365734911
2.6793086669544195
2.6746055763180103
2.669962628758063
2.6653781448071467
2.660850517666392
2.6563782089918524
2.651959744984301
2.647593712756483
2.643278756954491
2.639013576612137
2.6347969222192416
2.630627592986551
2.6265044342916175
2.6224263352914017
2.618392226688655
2.6144010786403045
2.6104518987970953
2.6065437304646872
2.602675650877249
2.5988467695753554
2.5950562268806734
2.591303192460575
2.5875868639763318
2.583906465809121
2.5802612478584734
2.5766504844082707
2.5730734730557536
2.569529533699362
2.566018007581561
2.5625382563830716
2.5590896613652165
2.555671622557341
2.5522835579864505
2.5489249029464793
2.545595109304721
2.5422936448431837
2.5390199926327672
2.535773650438282
2.532554130152526
2.5293609572577007
2.526193670312586
2.52305182046401
2.519934970981232
2.5168426968119393
2.5137745841586816
2.510730230074594
2.507709242077368
2.504711237780479
2.501735844540747
2.498782699121364
2.495851447369579
2.492941743908262
2.4900532518406515
2.487185642467589
2.4843385950166184
2.4815117963823528
2.478704940877546
2.475917729994332
2.4731498721751417
2.4704010825928258
2.4676710829395367
2.4649596012239483
3.2397232790688912
3.193842189698156
3.1554079832930526
3.1223224574617423
3.093260389904665
3.0673325914653806
3.0439141411080484
3.0225494370292254
3.0028962837940067
2.984691249166579
2.9677272826005865
2.9518387398027137
2.936891059603629
2.922773462861384
2.9093936720779574
2.8966740167837943
2.8845485106625963
2.8729606236989302
2.861861560297937
2.8512089116538872
2.8409655889465277
2.831098970036336
2.821580210419934
2.812383681952075
2.803486511952939
2.7948682019230517
2.786510309933618
2.778396184356766
2.7705107392985258
2.7628402641422247
2.7553722611737164
2.74809530646641
2.740998930142472
2.7340735128620506
2.727310195972887
2.7207008032142745
2.714237772238221
2.707914094507857
2.7017232623734304
2.6956592223218907
2.6897163335560603
2.6838893311909664
2.67817329346348
2.6725636124415475
2.667055967794425
2.661646303247997
2.656330805402138
2.6511058846314257
2.645968157828133
2.6409144327783642
2.6359416939893583
2.6310470898092024
2.6262279207000567
2.621481628543167
2.616805786868596
2.612198091915361
2.607656354438718
2.6031784921908887
2.598762523009859
2.5944065584581937
2.59010879796015
2.585867523390955
2.581681094077049
2.5775479421703666
2.5734665683635805
2.5694355379165628
2.5654534769673276
2.561519069103348
2.557631052171488
2.553788215306889
2.5499893961630016
2.5462334783266614
2.542519388903513
2.5388460962605253
2.535212607913451
2.5316179685482063
2.528061258166111
2.5245415903437705
2.5210581105992196
2.5176099948566026
2.514196448002361
2.510816702526428
2.5074700172425133
2.5041556760819907
2.50087298695637
2.497621280683727
2.4943999099747947
2.4912082484748077
2.4880456898574286
2.484911646967408
2.4818055510088484
2.4787268507762006
2.475675011925307
2.472649516282013
2.4696498611860473
2.466675558868026
2.4637261358575837
2.4608011324208015
2.457900102025179
2.455022610830564
2.452168237204528
2.4493365712608
2.4465272144194428
2.4437397789875535
2.4409738877593483
2.4382291736345687
2.4355052792541936
2.4328018566525413
2.430118566924866
2.42745507990963
2.4248110738846886
2.422186235276647
2.419580258382717
2.4169928451044265
2.4144237046925827
2.411872553502926
2.4093391147619263
2.4068231183422286
2.4043243005472763
2.4018424039046553
2.3993771769677457
3.1371548999675167
3.0891430004169522
3.0491781329364365
3.0149715585897394
2.9850810168211184
2.958541167189082
2.934675264803595
2.9129911440635476
2.893120035818042
2.8747787092288575
2.857745048464451
2.8418417357329475
2.826925020697365
2.812876789867158
2.799598839764016
2.7870086594458896
2.775036270059106
2.76362181943048
2.7527137256129204
2.7422672259523693
2.73224323006517
2.7226074035766543
2.7133294291853174
2.704382405492143
2.6957423539450893
2.6873878114236427
2.679299491247891
2.671459999296795
2.6638535948436797
2.65646598793005
2.649284166789864
2.6422962501397818
2.635491360163806
2.6288595128138024
2.6223915226729786
2.6160789201261214
2.6099138789773817
2.6038891529756265
2.5979980199654933
2.5922342325922028
2.5865919746597275
2.5810658223828424
2.5756507098898553
2.57034189842922
2.56513494881348
2.5600256967010586
2.555010230372716
2.5500848707068817
2.5452461530981796
2.540490811097418
2.535815761580288
2.5312180912766835
2.526695044513715
2.5222440120436684
2.5178625208437673
2.513548224788178
2.5092988961042964
2.505112417535592
2.5009867751421355
2.496920051677536
2.4929104204878816
2.488956139884091
2.4850555479443366
2.481207057707693
2.477409152724241
2.4736603829304085
2.4699593608214325
2.46630475789563
2.4626953013477277
2.459129770990507
2.4556069963862273
2.452125854170846
2.4486852655557163
2.445284193992862
2.4419216429911064
2.4385966540715347
2.435308304851776
2.4320557072494635
2.4288380057961185
2.4256543760533873
2.4225040231242945
2.4193861802527437
2.4163001075050583
2.413245090527889
2.41022043937721
2.4072254874135997
2.404259590259367
2.4013221248133654
2.3984124883197904
2.395530097487353
2.3926743876556857
2.3898448120059097
2.3870408408126194
2.3842619607346993
2.3815076741425596
2.3787774984796064
2.3760709656558388
2.373387621471678
2.3707270250702335
2.3680887484163264
2.365472375800726
2.362877503368161
2.3603037386677306
2.357750700224445
2.35521801713076
2.352705328656941
2.350212283879253
2.347738541325011
2.345283768633568
2.34284764223239
2.3404298470274325
2.3380300761070503
2.3356480304587524
2.33328341869812
2.330935956809299
2.32860536789643
2.3262913819455138
2.323993735596164
2.32171217192277
2.3194464402245982
2.3171962958244063
3.0438593513821366
2.9927269725108254
2.950359195576416
2.914254308293018
2.882835273591965
2.855046837377008
2.830149737283069
2.8076068638655776
2.787016235733942
2.768069504655998
2.750525180753531
2.734190745469399
2.7189103433921202
2.704556094161194
2.691021821880073
2.678218440007728
2.666070495287419
2.654513539272807
2.643492101290017
2.632958105463093
2.622869620347081
2.6131898609597144
2.6038863846420943
2.5949304374062394
2.5862964183007873
2.577961437195743
2.5699049471538986
2.562108436831243
2.5545551715513444
2.547229974122153
2.5401190383145793
2.5332097693481783
2.526490646836789
2.519951106513801
2.513581437740055
2.5073726943396744
2.501316616742352
2.4954055637587236
2.489632452596833
2.4839907059563617
2.4784742052240762
2.4730772489473023
2.4677945158886914
2.4626210320703312
2.4575521413024273
2.452583478764622
2.447710947269086
2.4429306958859516
2.438239100655094
2.4336327471451034
2.429108414651614
2.4246630618538862
2.4202938137714134
2.415997949881979
2.411772893279472
2.4076162007643798
2.403525553772494
2.3994987500583322
2.395533696059304
2.391628399874955
2.38778096480289
2.383989583379334
2.380252531877863
2.3765681652247554
2.3729349122937307
2.369351271546664
2.3658158069902475
2.362327144421554
2.3588839679381253
2.3554850166905656
2.3521290818577305
2.3488150038264757
2.345541669559617
2.3423080101372435
2.3391129984578924
2.3359556470872818
2.332835006243399
2.3297501619077234
2.326700234053234
2.3236843749806533
2.320701767755107
2.3177516247360197
2.314833186193659
2.3119457190062875
2.30908851543235
2.3062608919525824
2.303462188177319
2.3006917658146526
2.297949007695425
2.295233316851344
2.2925441156427873
2.2898808449331245
2.28724296330661
2.284629946327127
2.2820412858352337
2.279476489281193
2.2769350790917824
2.27441659206883
2.271920578817651
2.2694466032035554
2.266994241834851
2.264563083570734
2.26215272905273
2.2597627902582795
2.2573928900752556
2.2550426618962547
2.252711749231535
2.25039980533963
2.2481064928746375
2.2458314835493174
2.243574457813137
2.2413351045444974
2.2391131207563726
2.2369082113146854
2.2347200886687633
2.232548472593253
2.2303930899409012
2.228253674405704
2.2261299662958485
2.2240217123159907
2.2219286653584485
2.894175970017392
2.8348865275417836
2.785861340626223
2.744204578367592
2.7080772789545597
2.6762419458560434
2.647827863707046
2.62220030159924
2.5988830126819735
2.5775099927453273
2.55779420716212
2.5395066152956303
2.5224616875608152
2.506507152110858
2.4915165758845097
2.477383892520977
2.4640192969926473
2.4513461184439262
2.439298405402552
2.4278190379285918
2.4168582350797743
2.4063723627835545
2.3963229726881643
2.3866760205333035
2.37740122543592
2.368471540806037
2.359862714447461
2.351552920475517
2.343522449492849
2.33575344634986
2.328229687022521
2.320936387841486
2.3138600416289408
2.3069882763354195
2.300309732585931
2.293813957193625
2.287491310217824
2.2813328835602107
2.2753304294300727
2.269476297283608
2.263763378066232
2.2581850547707374
2.2527351584758413
2.2474079291553783
2.242197980652982
2.237100269304488
2.232110065763611
2.227222929648123
2.222434686675914
2.2177414080045095
2.2131393915251873
2.2086251448949294
2.2041953701168677
2.199846949503451
2.1955769328768224
2.1913825258783985
2.187261079274777
2.183210079160233
2.179227137967479
2.175309986208323
2.1714564648745465
2.1676645184369407
2.16393218838712
2.160257607272596
2.156638993180779
2.153074644632133
2.1495629358467436
2.1461023123521494
2.142691286903451
2.139328435689533
2.136012394801761
2.1327418569437384
2.129515568362727
2.1263323259851217
2.12319097473997
2.120090405055979
2.1170295505187338
2.1140073856760346
2.1110229239802902
2.1080752158578675
2.1051633468961444
2.102286436139798
2.099443634488545
2.0966341231892045
2.093857112415517
2.09111183992969
2.0883975698201054
2.085713591310071
2.0830592176328846
2.080433784968849
2.0778366514401987
2.075267196160216
2.072724818333064
2.070208936401156
2.0677189872370745
2.065254425377293
2.0628147222951405
2.0603993657106283
2.058007858934928
2.055639720247437
2.0532944823035204
2.050971691571133
2.0486709077946563
2.046391703484395
2.044133663430276
2.0418963842383895
2.0396794738891035
2.0374825513155614
2.0353052460014434
2.0331471975969584
2.0310080555520726
2.0288874787660744
2.026785135252597
2.0247007018192997
2.0226338637614463
2.020584314568662
2.0185517556441983
2.0165358960360744
2.0145364521794975
2.012553147650001
2.0105857129267717
2.797384405096413
2.729969047800062
2.6739156380555515
2.626090833288503
2.58448771996003
2.5477453580850016
2.5148995202519324
2.485242892272313
2.4582417457879653
2.4334837792727972
2.410644126922906
2.3894624465423684
2.369727025202625
2.3512634768081
2.3339265297583625
2.317593945669863
2.302161939859819
2.28754168062967
2.273656576926534
2.26044015111287
2.2478343520955293
2.2357882041128554
2.22425671435925
2.2131999823437667
2.202582468024843
2.1923723860464364
2.1825412009678216
2.173063204010649
2.1639151560817917
2.1550759850464476
2.1465265276903636
2.1382493087147054
2.1302283505908703
2.122449009267152
2.1148978316397096
2.1075624314327923
2.100431380719674
2.0934941147881747
2.0867408484373278
2.0801625021033825
2.0737506364683935
2.0674973944144526
2.0613954493599254
2.0554379591579233
2.0496185248570957
2.043931153725136
2.038370226019623
2.0329304650618387
2.0276069102292724
2.0223948925335082
2.017290012493619
2.01228812005227
2.007385296313523
2.0025778369086304
1.9978622368196344
1.993235176510908
1.9886935092363929
1.9842342494055507
1.979854561904377
1.9755517522794113
1.9713232577028408
1.9671666386456859
1.9630795711938587
1.9590598399487724
1.9551053314602214
1.9512140281446202
1.9473840026464126
1.9436134126046731
1.9399004957906445
1.9362435655852765
1.9326410067687891
1.9290912715969202
1.9255928761408767
1.9221443968701246
1.9187444674590417
1.9153917758001595
1.9120850612082518
1.9088231118009018
1.9056047620424195
1.902428890439108
1.8992944173748816
1.8962003030771604
1.8931455457037996
1.8901291795425532
1.887150273315276
1.884207928579666
1.881301278221936
1.8784294850343097
1.875591740371708
1.872787262882424
1.8700152973079758
1.8672751133476906
1.8645660045838917
1.8618872874638774
1.8592383003351398
1.8566184025305434
1.8540269735004031
1.8514634119886217
1.8489271352502494
1.8464175783079964
1.8439341932454165
1.841476448534619
1.839043828396515
1.8366358321917409
1.8342519738405185
1.8318917812698245
1.8295547958863532
1.8272405720738472
1.824948676713465
1.8226786887259365
1.820430198634334
1.8182028081463664
1.8159961297551581
1.8138097863575506
1.8116434108890145
1.809496645974316
1.8073691435931363
1.8052605647598834
1.8031705792169843
1.8010988651409878
1.7990451088608421