6.279310472919712
5.600809095371325
5.079171840779668
4.693999165314601
4.418259740580585
4.221481082664221
4.077591158586898
3.968225025023366
3.8816596751618437
3.8106344211937966
3.750612796211877
3.6986817896382207
3.6529057184107905
3.611952470970683
3.574874547400735
3.5409775824338094
3.509739060184474
3.480756528069229
3.4537136319772928
3.4283572246632397
3.4044815448386467
3.381917029190204
3.3605222338531413
3.3401778896739254
3.3207824519165965
3.302248716406532
3.2845012098531714
3.267474151096544
3.2511098395071385
3.2353573672406166
3.2201715800460637
3.20551223099537
3.191343285519274
3.1776323462606704
3.164350173660837
3.1514702836732735
3.1389686080981987
3.126823206127621
3.115014018053434
3.103522653909479
3.092332211230071
3.0814271172118266
3.070792991436096
3.060416526000262
3.050285380458237
3.040388089414464
3.0307139809747596
3.0212531045494613
3.01199616674319
3.0029344742618824
2.9940598829299256
2.98536475204476
2.976841903408477
2.968484584469788
2.960286435088583
2.9522414575018447
2.9443439891259575
2.936588677878316
2.928970459741915
2.9214845383314585
2.914126366249457
2.9068916280465125
2.899776224622197
2.8927762589221504
2.8858880228036874
2.879107984956708
2.872432779779338
2.8658591971187803
2.8593841727975455
2.853004779853689
2.846718220431217
2.8405218182633565
2.834413011697245
2.828389347213727
2.822448473400534
2.8165881353411653
2.81080616938542
2.805100498270733
2.7994691265663603
2.79391013641503
2.7884216835489712
2.783001993559314
2.777649358399709
2.772362133106676
2.767138732720728
2.7619776293936344
2.756877349668461
2.7518364719201087
2.7468536239450807
2.7419274806901397
2.73705676211033
2.7322402311475966
2.727476691821931
2.722764987427585
2.7181039988274724
2.713492642839395
2.7089298707082228
2.7044146666585585
2.699946046522861
2.6955230564403294
2.6911447716222137
2.686810295179507
2.68251875700927
2.6782693127360977
2.6740611427054777
2.669893451026001
2.665765464657622
2.661676432543309
2.6576256247816405
2.6536123318380427
2.649635863792518
2.645695549621853
2.6417907365144284
2.637920789215862
2.634085089403828
2.630283035090517
2.62651404005126
2.622777533277971
2.6190729584561105
2.6153997734639707
2.6117574498931404
8.714186969913023
8.030391855785513
7.429521246178347
6.896924860932371
6.422903214595646
6.000901354581445
5.626459217062505
5.296458809723088
5.008453063866887
4.760030148614637
4.548306919442378
4.36969784538807
4.220020511569898
4.094841174952151
3.989872898879844
3.9012739884489056
3.8257933889738807
3.7607876034023744
3.7041612912474213
3.654277134087407
3.60986328640373
3.5699317965414266
3.533712112303738
3.500599186657566
3.4701139393909397
3.4418734983756845
3.415568906172998
3.390948415606898
3.367804930191909
3.3459665087507267
3.3252891373921556
3.3056511852607593
3.2869491173620635
3.2690941519724523
3.252009632908242
3.235628946884896
3.219893859728638
3.2047531769357986
3.1901616573281664
3.176079125693373
3.162469743016366
3.149301402406524
3.1365452259684954
3.124175143274369
3.1121675362194314
3.1005009382100486
3.0891557780789447
3.078114161026177
3.0673596803735217
3.0568772550928878
3.046652988998471
3.036674048232534
3.0269285542676707
3.0174054901259493
3.0080946179019157
2.998986405990927
2.990071964681349
2.9813429889802694
2.9727917077164836
2.9644108381087353
2.9561935451071792
2.9481334049161756
2.94022437219052
2.932460750467842
2.9248371654595546
2.9173485408732662
2.9099900764825066
2.902757228196263
2.8956456899121172
2.8886513769636597
2.881770410995982
2.8749991061229645
2.8683339562373504
2.8617716233595485
2.855308926924102
2.848942833914117
2.8426704497638244
2.836489009958122
2.8303958722655715
2.824388509547973
2.8184645030955773
2.8126215364421663
2.806857389618847
2.8011699338094966
2.795557126374391
2.7900170062117953
2.784547689430163
2.7791473653061347
2.773814292505836
2.7685467955490313
2.7633432614974973
2.7582021368506737
2.753121924633104
2.7481011816595298
2.7431385159647137
2.7382325843861373
2.733382090288738
2.7285857814217116
2.7238424478982295
2.7191509202896618
2.714510067826552
2.7099187966992058
2.7053760484513067
2.7008807984604775
2.696432054500166
2.692028855377662
2.6876702696434234
2.683355394367258
2.6790833539772207
2.674853299157391
2.670664405800957
2.6665158740152988
2.6624069271759767
2.6583368110267602
2.654304792823013
2.650310160515943
2.6463522219753886
2.6424303042489594
2.638543752855507
2.634691931111018
2.6308742194851584
10.861631951945224
10.283104358603037
9.763209236734408
9.290030983618783
8.855393048679158
8.453407482079228
8.07967812224526
7.7308305287604435
7.404218993704254
7.097735794365932
6.8096825137811985
6.538680510884539
6.28360670463607
6.043545828166667
5.817753157882645
5.605623435531444
5.406662848488218
5.220461865985497
5.046667662627109
4.884955891662323
4.735002662967782
4.596458563259819
4.468927166842733
4.351950477474155
4.2450030204260205
4.147495017566051
4.058783598350353
3.9781897742282117
3.9050182680254646
3.838577339514059
3.7781963428565173
3.7232396187722543
3.6731161918905717
3.6272854283118843
3.585259238424357
3.546601601406982
3.5109262019596708
3.4778928775066147
3.4472034347314873
3.418597248195207
3.3918469235057866
3.3667542024114394
3.3431462084511683
3.320872076396081
3.2997999720487003
3.279814486349962
3.2608143751025818
3.242710609725451
3.225424702898407
3.208887274028195
3.1930368219963503
3.1778186758712628
3.163184097698085
3.149089514834386
3.1354958624189107
3.1223680193708208
3.1096743237938225
3.0973861558102875
3.08547757769768
3.073925022773801
3.062707025811591
3.0518039888904838
3.041197977539693
3.0308725428259273
3.0208125657075637
3.011004120539391
3.0014343550841414
2.992091384783669
2.982964199376317
2.974042580227938
2.965317026980938
2.9567786923257993
2.948419323868753
2.940231212212726
2.932207144490418
2.924340362691965
2.9166245262178854
2.909053678163418
2.9016222149048327
2.8943248586136052
2.8871566323718687
2.880112837603435
2.873189033569967
2.8663810187123846
2.859684813643957
2.8530966456245017
2.846612934364963
2.840230279029055
2.83394544631375
2.827755359503648
2.8216570884058583
2.8156478400822005
2.8097249503044495
2.803885875666268
2.7981281862923635
2.792449559091586
2.7868477715060918
2.7813206957135055
2.7758662932433005
2.7704826099724196
2.765167771468516
2.759919978652241
2.754737503752681
2.7496186865324663
2.744561930761229
2.739565700918019
2.7346285191050375
2.729748962156603
2.724925658928671
2.720157287755507
2.7154425740612473
2.710780288115132
2.7061692429201156
2.7016082922254228
2.697096328654381
2.692632281939564
2.6882151172579096
2.683843833659064
2.679517462580727
2.675235066445244
2.6709957373321407
12.656108607776613
12.181457029735075
11.75200359228662
11.358126103306361
10.993239289786024
10.652605047767256
10.332681444324932
10.030739635069812
9.74462527909652
9.472603020289528
9.213251247889353
8.965388616238053
8.728021358316864
8.50030463744483
8.281513630974114
8.071021518959816
7.868282473238886
7.6728183341017875
7.484208050895101
7.302079224494489
7.126101268881824
6.95597983404794
6.791452220861758
6.632283581880715
6.478263747912531
6.329204553587419
6.184937559781844
6.045312088928881
5.910193502851918
5.779461663111789
5.653009522007061
5.530741799154261
5.412573704699972
5.298429676257017
5.18824210309425
5.081950018282703
4.979497747615361
4.880833513175146
4.785907999229286
4.694672898227829
4.6070794644197735
4.523077111134475
4.4426120941792915
4.365626327199414
4.2920563745395865
4.221832662786955
4.154878943853351
4.091112030756185
4.030441813214425
3.9727715451482295
3.917998381653784
3.8660141304328355
3.816706173122084
3.7699585061971095
3.725652849335065
3.6836697710582467
3.643889786521322
3.6061943895861273
3.5704669898997996
3.53659373464978
3.5044642032513633
3.4739719708661023
3.4450150430021758
3.4174961683570366
3.3913230405349086
3.3664084014293536
3.3426700600968102
3.3200308410855515
3.298418475652792
3.2777654483093146
3.258008809855045
3.2390899666546895
3.220954454459499
3.203551703687735
3.186834801783742
3.170760257113766
3.155287767839363
3.1403799983382163
3.1260023650114324
3.1121228327146744
3.0987117225642513
3.0857415314836754
3.0731867635565986
3.0610237730247194
3.0492306186015545
3.037786928653827
3.0266737767220775
3.0158735668026146
3.005369927787386
2.995147616451061
2.9851924283808975
2.975491116261214
2.9660313149474624
2.956801472792688
2.947790788719825
2.9389891545653075
2.930387102252013
2.921975755381628
2.913746784867771
2.9056923682611457
2.8978051524463884
2.890078219416991
2.882505054859682
2.8750795193028194
2.8677958216048642
2.860648494578745
2.8536323725661354
2.84674257079231
2.8399744663474737
2.8333236806543587
2.826786063294546
2.8203576770775114
2.8140347842468483
2.807813833727672
2.8016914493278477
2.795664418813519
2.7897296837865624
2.783884330298029
2.778125580137497
2.7724507827435905
2.7668574076857197
14.161592984501144
13.772077481880759
13.419064899422718
13.094569214070727
12.793150719869319
12.510910667800745
12.244943853743004
11.993017833013953
11.753373853869904
11.524597506958077
11.305531435411124
11.095214534053843
10.892838444441185
10.697715696455518
10.509255903933965
10.326947660863931
10.150344555789747
9.979054215825114
9.812729615899222
9.651062106621293
9.493775763376018
9.340622763407227
9.191379571539613
9.0458437684122
8.903831393965643
8.765174707672367
8.629720288509175
8.497327413942864
8.367866669630672
8.241218751123997
8.117273426321232
7.9959286332637936
7.877089692490449
7.760668616842556
7.646583504558649
7.534758003871286
7.425120839244113
7.317605390956068
7.212149321024844
7.108694239519267
7.007185406184035
6.907571463024993
6.809804194106172
6.713838309312993
6.619631249257016
6.527143008850386
6.436335977374204
6.347174793113871
6.259626210843694
6.173658980619069
6.089243736482888
6.006352893817823
5.924960554182
5.845042416555407
5.7665756940014905
5.6895390348153585
5.613912447289285
5.539677227280376
5.466815887814893
5.395312090017352
5.325150574694538
5.25631709396853
5.188798342398313
5.122581887101753
5.057656096449237
4.994010066984247
4.93163354830663
4.870516865745798
4.810650840756215
4.7520267090704715
4.694636036762053
4.638470634487336
4.5835224702957795
4.529783581516007
4.477245986340329
4.425901595836087
4.375742127206848
4.326759019204471
4.278943350652792
4.232285763078495
4.186776388455291
4.142404783049322
4.09915986830674
4.057029879648046
4.016002323930369
3.9760639462089564
3.937200706278255
3.8993977653040477
3.8626394826776056
3.826909423036032
3.7921903732066107
3.758464368652904
3.7257127288326277
3.693916100727414
3.6630545096763245
3.6331074165425994
3.60405378016791
3.5758721240221956
3.548540605939148
3.52203708983679
3.4963392183569293
3.4714244854136562
3.447270307716068
3.423854094420085
3.4011533141646937
3.379145558855198
3.3578086036664936
3.3371204628495006
3.3170594410308607
3.297604179797408
3.2787336994507026
3.2604274359018612
3.242665272751945
3.225427568667866
3.2086951802180708
3.192449480376365
3.1766723729365918
3.1613463031063023
3.146454264564683
3.1319798032799517
3.1179070183849222
15.399347794326093
15.076606439144257
14.784318329272354
14.515678443437993
14.266074925309614
14.03221640835535
13.811659233594513
13.60253158785438
13.403362956774444
13.212973673382395
13.030400603177576
12.854845519712972
12.685638255783148
12.522209779601098
12.364072118918006
12.210803121887581
12.0620347052784
11.917443663509488
11.776744389128304
11.639683041140506
11.506032824702718
11.375590134248867
11.248171374858915
11.123610321802495
11.001755911097801
10.88247037823244
10.765627680358376
10.651112150997129
10.538817346765185
10.4286450536979
10.320504427020394
10.214311243126474
10.109987246405355
10.00745957664022
9.90666026517219
9.807525790013
9.70999668170259
9.614017173022763
9.51953488675589
9.426500556565562
9.334867776811265
9.244592777720506
9.155634222852653
9.067953026217198
8.98151218677004
8.896276638316516
8.81221311310891
8.729290017646546
8.647477319375096
8.566746443143167
8.487070176413095
8.408422582342647
8.330778919957877
8.254115570727253
8.17840997092516
8.103640549241092
8.029786669150255
7.956828575613417
7.884747345719614
7.813524842925553
7.743143674581035
7.67358715246106
7.604839256053025
7.536884598372052
7.469708394099298
7.403296429857573
7.337635036455935
7.272711062950381
7.2085118523815925
7.145025219063107
7.082239427304338
7.020143171462879
6.958725557229424
6.897976084056753
6.837884628651407
6.778441429453246
6.719637072033986
6.661462475351056
6.6039088787979745
6.546967829996737
6.490631173281613
6.434891038827292
6.3797398323774965
6.325170225533059
6.271175146561052
6.2177477716889165
6.164881516849654
6.112570029846012
6.060807182903387
6.009587065582648
5.958903978025516
5.908752424506385
5.859127107265618
5.810022920600329
5.761434945189667
5.713358442632362
5.665788850175138
5.618721775611255
5.572152992329098
5.526078434491342
5.480494192325785
5.43539650750945
5.390781768628325
5.346646506695225
5.302987390708363
5.259801223237225
5.217084936014311
5.174835585526439
5.133050348580785
5.09172651784065
5.050861497314603
5.0104527977845725
4.970498032165299
4.930994910783503
4.891941236566145
4.853334900130566
4.815173874770089
4.7774562113271175
4.740180032951972
4.703343529741786
4.666944953259601
16.247106176338463
15.977198415183208
15.733283899370761
15.509440797684633
15.301677067827288
15.107156478546361
14.923781451332882
14.749950733587077
14.584410167010935
14.426156375079605
14.274372162636103
14.12838176629282
13.987618994922036
13.851604006293332
13.719926028243181
13.59223026927168
13.468207843584873
13.347587905470226
13.230131429803054
13.115626237340663
13.00388297399117
12.894731830125595
12.78801984037945
12.683608643440778
12.581372609759116
12.481197266085431
12.382977961408487
12.286618730665992
12.192031321613195
12.099134357160043
12.007852610866276
11.918116377493188
11.829860923830822
11.743026007656814
11.657555454792854
11.573396785922975
11.49050088621332
11.408821711893484
11.328316028876975
11.24894317925374
11.170664872112543
11.093444995670206
11.017249448118276
10.942045984961037
10.867804080924634
10.79449480477553
10.722090705605645
10.650565709328006
10.579895024286062
10.510055055016153
10.441023323319945
10.372778395904614
10.305299817935962
10.238568051925313
10.172564421436842
10.107271059159336
10.042670858936397
9.97874743139302
9.915485062834854
9.852868677130383
9.79088380031601
9.729516527690395
9.668753493187747
9.60858184084035
9.548989198159058
9.489963651276785
9.431493721714602
9.373568344643077
9.316176848523106
9.259308936020977
9.202954666101695
9.147104437213088
9.091748971480731
9.0368792998406
8.982486748042504
8.928562923462936
8.875099702671017
8.822089219695814
8.76952385494738
8.717396224747771
8.665699171431587
8.614425753978795
8.563569239145423
8.513123093060306
8.463080973258451
8.41343672112374
8.364184354715738
8.31531806195713
8.266832194160045
8.218721259871005
8.170979919015723
8.123602977326218
8.076585381033935
8.029922211813659
7.983608681964066
7.9376401298116175
7.892012015325471
7.8467199159318035
7.801759522516751
7.757126635607815
7.712817161724238
7.66882710988748
7.625152588283403
7.58178980106837
7.538735045311879
7.495984708068807
7.453535263574796
7.411383270558617
7.369525369665785
7.32795828098798
7.286678801693167
7.245683803751587
7.204970231753061
7.164535100811321
7.124375494551295
7.084488563175504
7.044871521605961
7.0055216476981075
6.966436280523553
6.927612818718525
6.889048718895115
14.685368250323787
14.50096447750103
14.335819192728671
14.18534492738441
14.04648936560747
13.91710820094137
13.795631118336521
13.68086978366861
13.571900696584368
13.467990218003314
13.368544666108365
13.273075988132009
13.181177477300437
13.092506177419018
13.006769863784164
12.923717231626455
12.843130380657993
12.764818974361408
12.688615641428928
12.614372312471055
12.541957270578145
12.471252753513388
12.402152987015791
12.334562558523611
12.26839506227358
12.203571962640645
12.140021634417536
12.077678547634601
12.016482571284293
11.956378375503823
11.897314915786179
11.83924498592462
11.782124828861924
11.725913796569746
11.670574051642589
11.616070304543102
11.562369581447037
11.509441018458599
11.45725567863877
11.405786388841225
11.355007593806084
11.30489522533976
11.25542658472396
11.206580236760463
11.158335914079569
11.11067443052686
11.0635776026009
11.017028178048815
10.971009770841148
10.925506801845243
10.880504444600465
10.83598857567077
10.791945729112614
10.748363054650103
10.705228279196161
10.662529671399327
10.62025600893121
10.578396548260914
10.536940996689788
10.495879486443972
10.455202550643142
10.414901100982542
10.374966406981734
10.335390076668133
10.296164038576212
10.257280524954835
10.21873205608532
10.180511425621997
10.14261168687516
10.105026139963615
10.067748319770558
10.030771984642405
9.994091105775441
9.957699857239973
9.92159260659589
9.885763906057475
9.85020848416875
9.814921237953884
9.779897225509991
9.745131659012332
9.710619898104229
9.676357443646246
9.642339931801096
9.608563128432538
9.575022923798187
9.541715327517679
9.508636463798899
9.4757825669064
9.44314997685713
9.410735135329755
9.378534581774783
9.34654494971359
9.314762963215305
9.28318543354121
9.251809255947073
9.220631406634423
9.189648939842398
9.158858985072353
9.128258744437893
9.097845490133505
9.067616562015361
9.037569365288316
9.007701368293434
8.9780101003908
8.94849314993264
8.919148162322099
8.88997283815331
8.860964931428638
8.832122247849208
8.803442643175117
8.774924021651874
8.746564334499814
8.718361578463485
8.690313794418095
8.662419066030319
8.634675518470894
8.607081317176597
8.579634666659288
8.552333809359892
8.525177024545226
8.498162627245769
13.045512389805513
12.908294868539581
12.786851405262126
12.67726796385869
12.576970430429244
12.484169011237853
12.39756509633887
12.316184183920313
12.23927474015255
12.166243936084152
12.09661515745163
12.029998958202722
11.966072633432756
11.904565499173465
11.845248057060777
11.78792386849758
11.73242335933684
11.678599026391023
11.626321679259446
11.57547745853118
11.525965444263264
11.477695718897756
11.430587784061736
11.384569255846129
11.339574781347345
11.295545132581122
11.2524264437595
11.210169565331526
11.168729513802495
11.12806500064143
11.088138026901769
11.04891353276098
11.010359093209628
10.972444652720805
10.935142293004763
10.898426028974042
10.862271628867157
10.826656455146026
10.791559323326277
10.756960376345505
10.722840972441796
10.689183584818975
10.65597171162778
10.623189795003281
10.590823148075955
10.558857889022754
10.527280881350524
10.49607967971088
10.465242480636507
10.434758077666535
10.404615820394993
10.37480557703351
10.345317700128657
10.316142995116781
10.28727269143605
10.258698415947457
10.230412168444376
10.202406299054596
10.174673487360089
10.14720672307841
10.119999288166088
10.093044740218783
10.066336897055814
10.039869822387901
10.013637812477013
9.987635383706088
9.96185726098428
9.936298366920457
9.910953811703955
9.885818883637194
9.86088904026982
9.836159900088548
9.811627234720898
9.787286961614752
9.763135137158818
9.739167950212185
9.71538171601374
9.691772870444666
9.668337964619461
9.645073659782854
9.621976722491873
9.599044020063873
9.576272516272926
9.553659267278253
9.531201417769656
9.50889619731609
9.486740916904418
9.46473296565652
9.44286980771364
9.421148979277756
9.39956808580043
9.378124799310294
9.356816855870958
9.335642053161651
9.314598248173485
9.29368335501468
9.272895342818526
9.252232233748321
9.231692101093856
9.211273067454362
9.190973303003227
9.170791023830029
9.150724490355728
9.130772005817125
9.11093191481697
9.091202601936233
9.071582490405387
9.05207004083162
9.032663749979188
9.013362149600189
8.994163805313278
8.975067315527923
8.956071310411991
8.937174450900555
8.918375427743918
8.899672960593012
8.88106579712037
8.862552712175015
8.844132506969705
8.82580400829899
8.807566067786723