6.593204530697149
6.146933379879798
5.762627032043202
5.430148665829426
5.142586538644922
4.894709757484585
4.682065987411401
4.500493344239939
4.345939152119307
4.214483567429822
4.102456994046307
4.006559665181004
3.9239338284720793
3.8521789859659674
3.789323512944123
3.73377205179543
3.6842447873843254
3.639718754813889
3.599376172396472
3.562561394554722
3.52874623157899
3.497502572432773
3.468481022958729
3.441394333639908
3.4160045651664537
3.392113137981207
3.3695530943673204
3.348183054816668
3.3278824728390384
3.3085478874640963
3.290089945331384
3.2724310192397574
3.2555032914400654
3.2392472011042313
3.2236101788506404
3.2085456088944286
3.194011972780509
3.179972138833482
3.1663927692285423
3.1532438225496238
3.1404981342995133
3.12813106139232
3.116120179438201
3.104445023808586
3.093086867186444
3.0820285276653534
3.0712542025433685
3.060749323823393
3.0505004321280063
3.040495066299103
3.0307216664092396
3.0211694882838382
3.0118285279382526
3.0026894545844267
2.9937435510689734
2.984982660776193
2.976399140172467
2.9679858162879134
2.9597359485312933
2.951643194318456
2.94370157806575
2.935905463160114
2.9282495265687785
2.9207287357952003
2.9133383279251572
2.906073790538995
2.8989308442934956
2.8919054270006193
2.8849936790508584
2.8781919300467527
2.8714966865275398
2.864904620679392
2.85841255993742
2.852017477395903
2.8457164829522217
2.839506815117868
2.833385833436879
2.8273510114582083
2.821399930213945
2.815530272160125
2.8097398155411537
2.804026429142614
2.7983880674006603
2.7928227658391656
2.7873286368085015
2.781903865502232
2.7765467062301505
2.7712554789280306
2.766028565886196
2.7608644086805763
2.755761505291326
2.7507184073953637
2.7457337178203183
2.74080608814843
2.7359342164598806
2.7311168452058894
2.7263527592026806
2.7216407837381413
2.7169797827836213
2.7123686573039163
2.7078063436590125
2.7032918120916487
2.6988240652952027
2.6944021370568167
2.690025090971054
2.685692019219701
2.681402041413671
2.677154303493237
2.672947976683085
2.668782256498933
2.6646563618026793
2.660569533903247
2.6565210357004996
2.652510150869748
2.6485361830845733
2.6445984552757977
2.640696308924615
2.6368291033879823
2.632996215254537
2.629197037729371
2.625430980046133
7.688222557871734
7.302797849619492
6.959707677739631
6.650420397826313
6.36915004222902
6.111782282326051
5.875285699656119
5.657362721202949
5.456228501255828
5.270462415598292
5.098903072757255
4.940571013101146
4.794610419035854
4.660245139994562
4.536746486775333
4.4234112500849765
4.319548668464505
4.2244749385991085
4.137513602464557
4.057999968875573
3.9852877456149502
3.9187562874852366
3.8578172460446636
3.801919846035936
3.750554425010736
3.7032541992115506
3.659595438151036
3.619196348130474
3.581715002621272
3.5468466413244992
3.5143206137553045
3.48389718554274
3.4553643681582895
3.4285348820286004
3.4032433216592866
3.3793435598032473
3.356706404862886
3.33521751009719
3.314775523203291
3.2952904589997916
3.2766822750448297
3.2588796291267923
3.241818797959781
3.2254427375867696
3.209700267584212
3.1945453629324074
3.1799365392114725
3.1658363185084286
3.1522107650232214
3.1390290808146815
3.126263253423384
3.1138877482500176
3.101879239564543
3.0902163748856606
3.0788795682157257
3.0678508182572406
3.0571135482865515
3.0466524648306783
3.036453432695174
3.026503364234345
3.016790121048426
3.0073024265428736
2.9980297879990556
2.9889624269887047
2.9800912171212652
2.9714076282475412
2.962903676358261
2.9545718785151314
2.946405212237079
2.938397078837659
2.930541270272903
2.9228319391134736
2.9152635713023303
2.907830961400026
2.9005291900554178
2.8933536034704317
2.886299794654537
2.8793635862880325
2.872541015033844
2.865828317155472
2.8592219153144995
2.8527184064349242
2.8463145505337297
2.840007260427844
2.8337935922370816
2.8276707366110347
2.821636010615255
2.815686850218646
2.809820803329772
2.8040355233349845
2.79832876309586
2.792698369367532
2.787142277603187
2.7816585071132356
2.776245156550624
2.770900399696369
2.7656224815217354
2.7604097145056214
2.7552604751876
2.750173200938784
2.745146386934235
2.740178583312019
2.735268392505287
2.730414466734897
2.7256155056511173
2.7208702541139136
2.7161775001021455
2.7115360727427937
2.7069448404520364
2.702402709180637
2.69790862075668
2.6934615513192472
2.689060509837098
2.684704536706859
2.6803927024256566
2.676124106333487
2.6718978754209513
2.6677131631983286
2.663569148622212
2.659465035076229
2.6554000494025933
8.558480872211412
8.242772740112258
7.959234251628144
7.700892688917688
7.463017776073665
7.242232021892468
7.036028140889361
6.842487150538944
6.660103893669152
6.487673908122809
6.324217204762466
6.168925223821948
6.021122878171991
5.880240718450905
5.745794066328595
5.617367052205843
5.49460017190361
5.377180411741848
5.264833277902569
5.157316259540429
5.054413388965847
4.955930656760936
4.861692107639672
4.771536492320061
4.685314386840439
4.6028857170230255
4.5241176444405715
4.448882782872247
4.377057722043533
4.308521839428044
4.243156381939465
4.180843798304729
4.121467300589312
4.064910630484646
4.011058003214511
3.9597941997868484
3.9110047771680723
3.864576365975573
3.820397026496912
3.778356636138823
3.7383472845722703
3.70026365659865
3.664003386824944
3.6294673743270587
3.5965600493664427
3.5651895877275734
3.535268071246152
3.506711595541365
3.479440327841494
3.453378519130473
3.4284544757001862
3.4046004956413394
3.3817527759226893
3.359851295571082
3.338839680143938
3.3186650522430834
3.2992778723054834
3.2806317733629364
3.262683392920028
3.245392204579495
3.228720351561332
3.2126324838251463
3.1970956001186743
3.1820788959397004
3.1675536181122945
3.1534929264381044
3.139871762685339
3.1266667270173434
3.113855961834832
3.1014190429061
3.08933687758386
3.0775916098516274
3.066166531903466
3.0550460019353287
3.044215367811435
3.0336608962630462
3.023369707277563
3.013329713341587
3.0035295632111385
2.9939585898945076
2.984606762547406
2.9754646419954875
2.966523339615357
2.9577744793214786
2.9492101624226157
2.94082293512731
2.9326057584932896
2.9245519806304503
2.9166553109810818
2.9089097965143
2.90130979968413
2.8938499780123834
2.8865252651683817
2.879330853427743
2.8722621774018675
2.8653148989384634
2.8584848931015157
2.8517682351465483
2.8451611884138357
2.838660193068545
2.83226185562257
2.8259629391781176
2.8197603543380025
2.8136511507320687
2.8076325091132524
2.8017017339805843
2.795856246689837
2.790093579015713
2.7844113671323485
2.778807345981559
2.773279344000659
2.7678252781839694
2.762443149454093
2.757131038320974
2.7518871008084127
2.7467095646293243
2.741596725592453
2.7365469442245636
2.7315586425933724
2.726630301317581
2.7217604567513916
9.222485900491657
8.966821774642707
8.736920974716917
8.526967701567632
8.333042415147457
8.152360872340589
7.9828642063407855
7.8229809044588805
7.671480275489857
7.527377903142359
7.389872242546881
7.258300706282202
7.1321084031779085
7.010825352761298
6.894049532874889
6.78143403768184
6.6726771928560416
6.567514837830217
6.465714222403151
6.367069123843855
6.271395899083359
6.178530262013963
6.08832462926201
6.000645916108794
5.915373692131425
5.832398626714047
5.751621169941497
5.672950425982407
5.596303184911229
5.5216030857279135
5.448779888625495
5.37776883870394
5.308510106607252
5.24094829417304
5.175031995280834
5.110713403781534
5.0479479617718175
4.986694042610178
4.92691266400619
4.868567227290708
4.811623279622356
4.756048296428555
4.701811481835726
4.648883585227947
4.59723673239732
4.546844270021885
4.497680622434994
4.449721159839661
4.402942077277
4.357320283783569
4.3128333012712945
4.269459172738893
4.227176379478558
4.185963766976354
4.145800479225717
4.1066659011785855
4.068539609053774
4.031401328207737
3.9952308982515095
3.9600082450720278
3.925713359387273
3.8923262814360133
3.859827091374644
3.828195904928526
3.7974128738239457
3.7674581905101707
3.7383120966707226
3.7099548950183023
3.6823669638699204
3.655528774006921
3.6294209073391555
3.6040240769124705
3.579319147823822
3.5552871586375936
3.5319093429295685
3.509167150620377
3.487042268797424
3.4655166417624086
3.4445724900796977
3.42419232843852
3.4043589821782514
3.385055602360753
3.3662656793061974
3.347973054538653
3.330161931115003
3.3128168823348956
3.295922858850836
3.279465194215808
3.2634296089213217
3.2478022129914557
3.232569507208588
3.2177183830542395
3.2032361214539162
3.18911039041847
3.175329241676225
3.161881106390501
3.148754790056127
3.1359394666664953
3.1234246722397327
3.111200297788942
3.0992565818172055
3.0875841024134836
3.076173769020659
3.0650168139419236
3.0541047836466304
3.043429529931654
3.0329832009893076
3.0227582324279876
3.012747338287079
3.0029435020831623
2.9933399679203343
2.983930231693491
2.9747080324097124
2.96566734364939
2.956802365185629
2.948107514777454
2.9395774201497193
2.9312069111701993
2.9229910122320986
2.914924934848285
2.9070040704617717
9.720364097631506
9.512198203998286
9.32547268271535
9.155191318938662
8.998012284003023
8.851577013296032
8.714151170151311
8.584417431620182
8.461348610239797
8.344126186975007
8.232085920335994
8.124680327026885
8.021452072425353
7.922014642461683
7.826038009774735
7.73323780804187
7.643367022848511
7.556209521697334
7.4715749506541
7.389294661828699
7.309218428988834
7.2312117731955325
7.155153765924424
7.080935209790814
7.008457120724013
6.937629452901527
6.868370020763211
6.800603582223298
6.734261054653047
6.6692788409329715
6.60559824731122
6.543164978272312
6.4819286963511615
6.4218426369935555
6.362863270294428
6.304950002836206
6.248064913974506
6.19217252183365
6.137239575023078
6.08323486670126
6.030129068122278
5.977894579222478
5.926505394156655
5.8759369799880705
5.826166166984534
5.777171049182036
5.728930894054735
5.681426060280898
5.634637922723009
5.588548803850418
5.543141910927464
5.498401278371499
5.454311714755614
5.410858753991885
5.368028610283941
5.325808136483849
5.284184785528628
5.243146574667056
5.2026820522184405
5.162780266632332
5.123430737642236
5.084623429327703
5.046348724918047
5.008597403187726
4.971360616308341
4.934629869035585
4.89839699912133
4.862654158851786
4.827393797622224
4.792608645467394
4.75829169747454
4.724436199012972
4.69103563172045
4.658083700192444
4.625574319325529
4.593501602270894
4.561859848958295
4.530643535154652
4.4998473020250875
4.469465946167431
4.439494410094154
4.409927773138416
4.380761242763291
4.351990146255492
4.323609922786891
4.295616115828924
4.268004365906618
4.240770403680451
4.213910043345288
4.187419176337579
4.161293765341585
4.135529838587861
4.110123484436874
4.0850708462417975
4.060368117484584
4.036011537180592
4.0119973855465485
3.9883219799274277
3.964981670977812
3.9419728390933235
3.9192918910877657
3.896935257111889
3.874899387809047
3.853180751703186
3.831775832814564
3.8106811284982753
3.789893147499953
3.7694084082237502
3.749223437206424
3.7293347677917064
3.7097389389985307
3.6904324945766
3.6714119822423408
3.652673953088092
3.6342149611571326
3.616031563176887
3.5981203184424833
3.5804777888425106
3.5631005390189237
3.5459851366526256
3.529128152866356
10.091268385107556
9.919243939021463
9.765675547168138
9.626139674721152
9.497699686044378
9.378296547141609
9.266424956146594
9.16094749583653
9.060981427204148
8.96582634387355
8.874916080460581
8.787785671410974
8.704048004743404
8.623376923157343
8.54549473251896
8.470162796491996
8.397174338381951
8.326348851515206
8.257527701703253
8.190570626597175
8.125352919107437
8.061763139074271
7.999701237506195
7.939077006395215
7.8798087879207666
7.821822392136075
7.765050183591346
7.709430305888108
7.654906019644893
7.601425134327653
7.5489395182457795
7.497404674016172
7.446779369157706
7.397025313347698
7.348106875362638
7.299990833922177
7.252646157621844
7.206043809925184
7.160156575827426
7.114958907329472
7.070426785295638
7.026537595628977
6.983270017998125
6.940603925600711
6.8985202946591455
6.85700112252247
6.816029353398306
6.775588810866791
6.735664136437255
6.696240733501494
6.657304716117408
6.618842862125426
6.580842570159473
6.543291820165498
6.506179137085133
6.469493557400713
6.433224598271705
6.3973622290220575
6.361896844763876
6.3268192419655245
6.292120595792224
6.257792439064884
6.223826642698436
6.190215397494747
6.156951197177457
6.124026822566906
6.091435326803043
6.059170021532841
6.02722446398644
5.995592444873175
5.96426797703482
5.9332452847989465
5.9025187939802874
5.872083122482504
5.841933071456813
5.812063616977585
5.782469902198354
5.753147229954674
5.724091055782966
5.6952969813269885
5.666760748105793
5.638478231619082
5.610445435767722
5.582658487568903
5.55511363214693
5.5278072279821036
5.500735742401398
5.473895747295857
5.447283915050709
5.420897014675196
5.3947319081200416
5.368785546771299
5.343054968110146
5.317537292528851
5.292229720293834
5.267129528647348
5.242234069039847
5.217540764485664
5.19304710703507
5.168750655356242
5.144649032421097
5.120739923289298
5.097021072985133
5.073490284462268
5.05014541665169
5.0269843825884575
5.0040051476131255
4.981205727643954
4.958584187516269
4.936138639385531
4.913867241190885
4.891768195176148
4.869839746465371
4.848080181690271
4.826487827666989
4.805061050119776
4.783798252449333
4.76269787454368
4.741758391629531
4.72097831316226
4.700356181752684
10.36782242085879
10.222677549335357
10.093922362411403
9.977527885609382
9.870837922164194
9.772001523151287
9.679672999912533
9.592840650801351
9.510722915542132
9.432702295477304
9.358281601610429
9.287054006497858
9.218681957090348
9.152881961037762
9.089413375630837
9.028069991259024
8.968673607938364
8.911069060459036
8.855120314384864
8.800707365778594
8.747723752512387
8.696074536806265
8.645674655011948
8.596447556610284
8.548324073169603
8.501241471780322
8.455142657697554
8.409975498589354
8.36569224860014
8.322249054887749
8.279605532728768
8.237724397963252
8.196571147650968
8.156113781472982
8.116322557735652
8.077169778894822
8.038629602373513
8.000677873140555
7.963291975083799
7.926450698675898
7.890134122813441
7.854323509027088
7.819001206524048
7.784150566744508
7.749755866298385
7.7158022373044135
7.682275604285112
7.6491626268828306
7.616450647757042
7.584127645104266
7.552182189311498
7.520603403313861
7.489380926278628
7.458504880282419
7.427965839686869
7.397754802951701
7.367863166653325
7.338282701502627
7.309005530177968
7.280024106809008
7.251331197964229
7.2229198650102315
7.194783447724264
7.16691554905337
7.139310020924006
7.1119609510153765
7.084862650418026
7.05800964210664
7.031396650162635
7.0050185896880315
6.9788705573574115
6.952947822559503
6.927245819084229
6.901760137314888
6.876486516888606
6.8514208397913245
6.826559123856424
6.801897516638614
6.777432289637072
6.753159832843888
6.729076649595796
6.705179351708892
6.681464654877639
6.657929374320892
6.634570420658966
6.611384796007026
6.588369590271103
6.565521977634116
6.542839213220144
6.520318629926069
6.497957635410481
6.475753709230426
6.453704400117274
6.431807323383548
6.41006015845313
6.388460646507771
6.367006588243302
6.345695841729388
6.324526320367045
6.303495990938566
6.282602871744774
6.261845030824925
6.241220584254805
6.220727694518889
6.2003645689526845
6.180129458251581
6.1600206550427945
6.140036492517191
6.120175343117932
6.100435617283118
6.080815762239729
6.061314260846336
6.041929630482206
6.022660421980542
6.003505218603759
5.984462635058758
5.965531316550359
5.9467099378710495
5.9279972025254155
5.909391841887616
5.890892614390413
10.733792235440731
10.62249161997488
10.525197746430784
10.438326108356137
10.359538908860305
10.287223016653796
10.220216198762522
10.157651961474732
10.098866118745901
10.043337721698117
9.99065018522905
9.940464832579426
9.892502369526312
9.84652958846861
9.802349619539688
9.759794646794235
9.718720374762286
9.679001761826585
9.640529686236965
9.60320830935192
9.566952967403322
9.531688468986703
9.497347707617973
9.463870521551495
9.431202749540178
9.399295443267825
9.368104206098277
9.337588634455393
9.307711843189857
9.278440060137651
9.249742278039792
9.221589954295846
9.193956750827127
9.166818307747912
9.14015204567306
9.11393699239406
9.088153630382585
9.062783762169177
9.037810391123696
9.013217615556108
8.988990534378543
8.965115162835886
8.941578357033313
8.91836774617348
8.895471671570418
8.872879131636896
8.850579732151479
8.828563641204118
8.806821548297922
8.785344627151824
8.764124501806362
8.743153215683947
8.72242320329746
8.701927264337588
8.681658539900909
8.661610490648242
8.641776876706668
8.622151739149393
8.602729382905903
8.583504360970739
8.56447145979328
8.545625685743163
8.526962252556908
8.508476569680862
8.49016423143406
8.472021006922176
8.45404283064039
8.436225793708953
8.418566135690575
8.401060236943453
8.383704611468044
8.366495900209454
8.349430864780745
8.332506381575511
8.315719436240846
8.299067118484292
8.282546617190624
8.266155215826334
8.249890288111517
8.233749293940527
8.217729775534266
8.201829353808368
8.186045724942733
8.170376657139064
8.154819987554017
8.13937361939661
8.124035519179282
8.10880371411291
8.09367628963668
8.07865138707449
8.063727201410074
8.048901979173626
8.034174016433251
8.01954165688497
8.00500329003548
7.990557349472264
7.976202311216017
7.961936692150654
7.947759048526552
7.933667974532884
7.919662100935241
7.905740093774933
7.891900653126625
7.878142511911165
7.864464434760644
7.850865216932932
7.837343683273104
7.823898687219306
7.8105291098507825
7.797233858975912
7.784011868258227
7.770862096378519
7.757783526231232
7.744775164153455
7.731836039184926
7.7189652023575395
7.706161726012954
7.693424703146942
7.680753246779245
7.668146489347713
7.655603582125623
10.956035624086413
10.861910778880619
10.7807307441118
10.709099628970083
10.644816412782815
10.58637120721656
10.532682162537418
10.482946934678417
10.43655357474848
10.393024390776397
10.35197913051299
10.313110008210465
10.276164272709996
10.240931735404775
10.207235652959445
10.174925935317878
10.143874000568363
10.11396881872367
10.08511382863589
10.057224506092082
10.030226424372374
10.004053691985341
9.978647682643702
9.953955994083849
9.929931587842013
9.906532073415109
9.883719108590451
9.861457893969362
9.839716744419462
9.81846672377962
9.79768133190153
9.777336235252381
9.757409033976446
9.737879059631155
9.718727198858604
9.69993573908787
9.68148823303401
9.663369379301505
9.645564916840272
9.628061531362153
9.61084677212137
9.593908977706093
9.57723720969054
9.560821193165163
9.5446512633032
9.528718317239969
9.513013770640699
9.497529518416904
9.48225789912263
9.467191662622739
9.45232394067729
9.43764822013058
9.423158318431648
9.40884836124598
9.394712761946652
9.380746202797804
9.366943617664797
9.353300176104074
9.339811268702018
9.326472493546397
9.313279643726476
9.300228695768864
9.287315798925846
9.274537265241515
9.261889560328502
9.249369294794912
9.236973216266874
9.22469820195749
9.21254125173765
9.20049948166832
9.188570117957765
9.176750491310376
9.165038031636945
9.153430263098782
9.141924799460593
9.130519339729174
9.11921166405696
9.107999629891266
9.096881168351606
9.085854280819019
9.07491703572255
9.064067565509328
9.053304063785685
9.042624782617803
9.032028029981277
9.02151216734973
9.011075607413494
9.000716811919917
8.990434289627581
8.980226594367227
8.970092323202774
8.960030114686196
8.950038647200591
8.940116637386064
8.93026283864351
8.92047603971166
8.910755063313115
8.901098764865344
8.891506031252959
8.881975779657727
8.872506956443113
8.863098536090284
8.853749520182754
8.844458936436974
8.835225837776422
8.826049301446822
8.816928428170309
8.807862341336499
8.79885018622852
8.78989112928221
8.780984357376756
8.7721290771552
8.76332451437328
8.75456991327523
8.745864535995123
8.737207661982614
8.72859858745178
8.720036624852023
8.711521102359944
8.703051363391177
8.694626766131284