3.752083576975066
3.6984034360972244
3.651730957433351
3.610311589047057
3.572996752537824
3.5389899418240764
3.5077139852844246
3.4787359279306456
3.451721806613505
3.4264080326694293
3.4025825268062326
3.3800718493728827
3.358732161427503
3.3384427155092125
3.3191010651509933
3.3006194715092314
3.282922162219731
3.265943208827332
3.2496248610325353
3.2339162235804952
3.2187721937843197
3.204152599841035
3.190021495641793
3.1763465788510015
3.163098707032899
3.150251492466929
3.1377809606408666
3.1256652606714064
3.113884418373357
3.102420124590213
3.0912555528599035
3.080375201627698
3.0697647571118956
3.059410973634958
3.049301568795972
3.039425131312027
3.029771039720631
3.020329390431127
3.0110909338546428
3.0020470175402596
2.9931895354085576
2.9845108823091318
2.9760039132414056
2.967661906672331
2.959478531463675
2.9514478169882628
2.9435641260709655
2.935822130438079
2.9282167883995367
2.9207433245232686
2.9133972110908792
2.90617415114955
2.899070062997209
2.892081065957203
2.885203467315321
2.878433750306479
2.8717685630509693
2.865204708351195
2.858739134269442
2.8523689254157145
2.8460912948820876
2.839903576766612
2.833803219235581
2.8277877780781195
2.8218549107115836
2.816002370600311
2.8102280020538615
2.804529735374074
2.7989055823231475
2.7933536318875043
2.787872046314487
2.7824590574009975
2.777112963015039
2.7718321238327785
2.7666149602752586
2.7614599496302157
2.7563656233457223
2.751330564483428
2.7463534053202237
2.7414328250880287
2.7365675478422373
2.731756340450112
2.726998010691091
2.7222914054616045
2.7176354090775483
2.713028941668104
2.7084709576550456
2.7039604443121177
2.6994964203994742
2.6950779348685088
2.6907040656327683
2.6863739184009314
2.6820866255681137
2.6778413451620398
2.6736372598408384
2.669473575939457
2.665349522561878
2.6612643507165274
2.657217332492414
2.65320776027373
2.6492349459907563
2.645298220405092
2.641396932427311
2.6375304484653257
2.633698151801767
2.6298994419988895
2.6261337343295152
2.6224004592326726
2.6186990617926544
2.6150290012402913
2.611389750475309
2.6077807956087145
2.604201635524203
2.600651781457642
2.597130756593757
2.59363809567916
2.590173344650952
2.586736060280135
2.58332580982914
2.5799421707228047
2.57658473023216
3.6453317854766283
3.596841329622878
3.554884001157714
3.5177632597930977
3.484381542030222
3.453986238819771
3.4260377229370453
3.4001351541644564
3.3759721154382825
3.353308737642352
3.33195345500435
3.3117506479979566
3.2925720263911886
3.2743104675500865
3.2568755129181
3.2401900124812233
3.224187581579208
3.2088106438370247
3.1940089044096953
3.179738144135657
3.1659592564238124
3.152637470123716
3.1397417165829955
3.127244109701316
3.1151195154208846
3.1033451926575504
3.0919004917839934
3.0807665998433555
3.0699263239858956
3.059363906384883
3.049064865244289
3.0390158575631014
3.0292045601438775
3.019619565981554
3.0102502936830793
3.001086907979488
2.992120249722636
2.9833417740260977
2.9747434954272896
2.9663179391257115
2.958058097498472
2.949957391215044
2.942009634373479
2.9342090031638657
2.9265500076348077
2.9190274661974986
2.9116364825515935
2.9043724247591016
2.897230906228249
2.890207768399717
2.8832990649537105
2.876501047378703
2.8698101517619197
2.863222986678278
2.85673632206887
2.850347079012567
2.844052320305205
2.837849241770275
2.8317351642333595
2.8257075260997913
2.8197638764814488
2.813901868824167
2.808119254992243
2.802413879770899
2.796783675751423
2.7912266585671945
2.7857409224518284
2.78032463609344
2.774976038761431
2.7696934366844164
2.764475199659815
2.7593197578774165
2.7542255989407876
2.74919126507178
2.744215350484702
2.73929649891785
2.7344334013111116
2.7296247936193283
2.7248694547519237
2.7201662046300803
2.7155139023534547
2.71091144446904
2.70635776333538
2.701851825575851
2.697392630615216
2.692979209294087
2.6886106225563484
2.684285960204924
2.680004339721668
2.67576490514739
2.6715668260183802
2.6674092963560123
2.663291533706257
2.6592127782261623
2.655172291814551
2.651169357284378
2.6472032775743597
2.643273374997642
2.6393789905254375
2.6355194831036695
2.6316942290008196
2.6279026211852674
2.624144068730523
2.6204179962468666
2.6167238433379882
2.6130610640813154
2.609429126530786
2.6058275122409182
2.602255715811078
2.598713244448921
2.595199617552048
2.591714366306954
2.5882570333044352
2.5848271721706224
2.5814243472129026
2.5780481330799923
2.574698114435505
2.571373885644351
2.568075050471386
2.564801221791721
2.56155202131216
3.529309365734909
3.4841454514797414
3.445361685902391
3.4112585340848005
3.3807428623889595
3.3530694599542517
3.327707135196182
3.3042636360544586
3.282440873522536
3.2620068604384653
3.2427773939831828
3.2246036832304976
3.207363745986027
3.1909562750459437
3.1752961687455175
3.1603112112555127
3.1459395646609996
3.1321278454012376
3.1188296287049115
3.1060042714157663
3.0936159750330883
3.0816330323229395
3.070027215864056
3.0587732775197707
3.0478485354622262
3.037232530933553
3.0269067410251624
3.0168543368098604
3.007059978461615
2.9975096407475394
2.9881904636198566
2.979090623675647
2.9701992230638896
2.9615061930576503
2.953002210014846
2.9446786218540817
2.93652738349548
2.9285409999774723
2.920712476172402
2.9130352721967583
2.9055032637536797
2.8981107067623193
2.8908522057254773
2.8837226853674536
2.87671736514134
2.869831736261391
2.863061540963605
2.85640275373779
2.849851564308403
2.843404362170438
2.8370577225113394
2.8308083933710795
2.824653283910744
2.8185894536756164
2.812614102752277
2.8067245627309685
2.8009182883946426
2.7951928500649594
2.789545926543261
2.783975298591279
2.778478842902288
2.7730545265186084
2.7677004016559654
2.762414600899242
2.757195332737761
2.752040877411372
2.746949583041474
2.741919862023564
2.7369501876601374
2.732039091014797
2.727185157970119
2.7223870264734984
2.7176433839565663
2.7129529649150723
2.7083145486372726
2.7037269570698896
2.6991890528116675
2.694699737225353
2.6902579486597404
2.685862660774063
2.6815128809576723
2.6772076488385004
2.6729460348743186
2.6687271390212755
2.6645500894746244
2.6604140414769453
2.65631817618951
2.6522616996227817
2.64824384162232
2.6442638549066557
2.640321014153916
2.6364146151342602
2.6325439738853404
2.6287084259282407
2.6249073255214967
2.621140044950983
2.617405973853584
2.6137045185727326
2.6100351015439927
2.6063971607090237
2.6027901489563314
2.5992135335873505
2.5956667958064634
2.5921494302336847
2.5886609444387814
2.5852008584957016
2.5817687045562665
2.5783640264420855
2.5749863792537937
2.571635328996714
2.5683104522221067
2.5650113356832462
2.561737576005562
2.5584887793701734
2.55526456121016
2.5520645459189404
2.5488883665701945
2.545735664648766
2.542606089792041
2.539499299541301
2.5364149591025904
3.4110089479947225
3.3676435023493565
3.330674078847552
3.298371609083913
3.2696277381559455
3.24368922314746
3.220020728379327
3.198228074566111
3.1780125571411486
3.1591423679421857
3.1414339695840683
3.1247395331497065
3.1089382149191116
3.093929945099172
3.079630907604702
3.065970186823038
3.0528872374916
3.040329946512795
3.0282531279005274
3.0166173396367273
3.0053879431732
2.994534348190085
2.9840294004595265
2.973848881445337
2.963971096010529
2.9543765302365816
2.9450475655065023
2.9359682380938796
2.9271240358264694
2.9185017251613945
2.910089203365985
2.901875371548165
2.893850025099389
2.886003758756742
2.8783278840003006
2.870814356907852
2.8634557149144992
2.8562450211873407
2.8491758155383202
2.8422420709721528
2.835438155108548
2.8287587958353058
2.822199050645898
2.815754279195834
2.80942011867944
2.803192461685115
2.797067436234603
2.791041387751891
2.7851108627413033
2.779272593983264
2.7735234870807686
2.767860608210747
2.762281172952533
2.7567825360812317
2.7513621822272163
2.746017717314607
2.7407468607016563
2.735547437954755
2.730417374195405
2.7253546879661936
2.7203574855676744
2.71542395582315
2.710552365232935
2.7057410534836137
2.7009884292813364
2.6962929664813293
2.691653200488527
2.687067724906703
2.682535188415653
2.6780542918579298
2.6736237855183442
2.669242466581031
2.6649091767502453
2.6606228000222965
2.656382260597163
2.6521865209193236
2.648034579838257
2.643925470879868
2.6398582606208416
2.635832047158608
2.6318459586701772
2.6278991520536756
2.623990811646903
2.6201201480176826
2.6162863968211867
2.612488817719798
2.6087266933614086
2.6049993284123607
2.60130604864154
2.597646200052359
2.5940191480596546
2.590424276708686
2.586860987933658
2.583328700853393
2.5798268511018745
2.5763548901916313
2.572912284908005
2.5694985167325055
2.5661130812935893
2.562755487843274
2.5594252587581465
2.556121929063393
2.5528450459785694
2.549594168483928
2.5463688669061737
2.5431687225226103
2.539993327182688
2.536842282946041
2.5337152017361415
2.5306117050087704
2.5275314234345294
2.5244739965946907
2.5214390726897014
2.5184263082597185
2.515435367916566
2.5124659240865586
2.5095176567636597
2.5065902532724795
2.5036834080406263
2.500796822379985
2.4979302042764857
3.295243301631247
3.252607989682711
3.2164770231013904
3.1850740181247263
3.157263883317248
3.132277242240596
3.1095685411318987
3.088736891974261
3.0694790674725323
3.0515601532872556
3.0347944540811
3.0190326350440584
3.0041528051499373
2.9900541759305987
2.976652451837711
2.9638764141751714
2.951665346007406
2.9399670612650226
2.928736375558195
2.9179339050022453
2.907525112097507
2.897479540095786
2.8877701928681185
2.878373028306346
2.8692665411955067
2.860431417240999
2.851850244164607
2.8435072689327674
2.835388192549987
2.8274799956506986
2.819770789503513
2.8122496881095684
2.8049066979092676
2.7977326222656687
2.7907189784102493
2.7838579249489004
2.7771421983563114
2.770565057153303
2.7641202326776275
2.7578018855348576
2.7516045669603
2.745523184441659
2.739552971050508
2.7336894580122486
2.7279284501124312
2.722266003594372
2.7166984062510124
2.7112221594545
2.705833961901306
2.7005306948798387
2.695309408892428
2.690167311484802
2.685101756154455
2.680110232225007
2.6751903555872
2.6703398602189057
2.6655565904067053
2.6608384936004024
2.656183613839582
2.6515900856980377
2.6470561286977876
2.642580042149572
2.638160200381281
2.6337950483197674
2.629483097395032
2.625222921738907
2.621013154653138
2.6168524853242134
2.6127396557645133
2.608673457961259
2.604652731216524
2.6006763596630966
2.5967432699423982
2.5928524290318946
2.589002842210568
2.585193551152029
2.5814236321357384
2.5776921943676565
2.5739983784023446
2.5703413546592406
2.566720322026414
2.563134506545663
2.559583160173315
2.55606555961154
2.5525810052054045
2.549128819901244
2.5457083482623193
2.5423189555379744
2.538960026782854
2.5356309660229503
2.5323311954655323
2.529060154750177
2.5258173002383804
2.522602104339356
2.519414054869828
2.5162526544457755
2.5131174199042228
2.510007881753299
2.5069235836489234
2.5038640818965696
2.500828944976681
2.497817753092389
2.494830097738277
2.491865581289039
2.488923816606908
2.486004426666855
2.4831070441985794
2.480231311344399
2.4773768793321964
2.4745434081626145
2.4717305663097844
2.468938030434854
2.46616548511169
2.4634126225641113
2.460679142414087
2.4579647514403486
2.4552691633468933
2.4525920985409035
2.4499332839196133
2.4472924526656983
2.444669344050775
3.185781394365535
3.143137152756124
3.1071737499497982
3.076049754991106
3.0485925236741793
3.02400948144738
3.001739979283574
2.9813728942687763
2.9625978251936926
2.9451746901955294
2.9289139862229248
2.9136635188268243
2.899299214619224
2.8857185969047534
2.872836049130131
2.8605793089661593
2.8488868283844155
2.837705755183435
2.826990368347968
2.816700850089845
2.806802311238746
2.7972640097564994
2.788058718212174
2.7791622074030156
2.7705528214397677
2.762211125523864
2.7541196119896623
2.7462624534178994
2.738625294057356
2.731195072637406
2.7239598710686215
2.7169087846219897
2.710031810029131
2.703319748614929
2.6967641221028607
2.690357099154427
2.684091431041397
2.677960395121532
2.6719577450087715
2.666077666508519
2.660314738535756
2.6546638983547863
2.649120410579577
2.6436798394568135
2.6383380240231697
2.63309105578638
2.6279352586285603
2.6228671706714204
2.617883527877937
2.6129812491946787
2.608157423064294
2.603409295159246
2.5987342572064507
2.59412983678842
2.5895936880202424
2.5851235830136776
2.580717404049903
2.5763731363914717
2.572088861671831
2.5678627518075645
2.5636930633845387
2.559578132474332
2.5555163698419636
2.551506256509996
2.547546339647656
2.5436352287567994
2.539771592129365
2.535954153553432
2.532181689247233
2.5284530250024306
2.5247670335197627
2.521122631921681
2.5175187794280816
2.513954475182425
2.510428756216736
2.5069406955449467
2.5034894003749906
2.5000740104308834
2.496693696376739
2.493347658335413
2.490035124494989
2.4867553497969577
2.483507614700383
2.480291224016843
2.4771055058113234
2.4739498103646302
2.4708235091932416
2.4677259941228034
2.464656676411799
2.4616149859221466
2.4586003703337536
2.455612294400239
2.452650239243286
2.4497137016832053
2.4468021936035353
2.44391524134759
2.4410523851450665
2.438213178566913
2.4353971880068173
2.432603992187748
2.4298331816921293
2.4270843585142856
2.4243571356339033
2.4216511366093436
2.41896599518969
2.416301354944514
2.4136568689103974
2.4110321992532926
2.4084270169458923
2.4058410014592044
2.403273840467587
2.400725229566546
2.398194872002633
2.395682478414836
2.3931877665868573
2.3907104612097596
2.3882502936544427
2.3858070017534723
2.3833803295917995
2.3809700273059455
2.378575850891235
3.0871241882825196
3.0438947428499294
3.0075927663008395
2.9762909188952493
2.948766221030054
2.9241946000451193
2.901994666958379
2.881741076396169
2.86311334493638
2.8458640432793656
2.829798187406107
2.814759411692749
2.8006204130174766
2.787276175900768
2.7746390614968868
2.76263517758867
2.751201648739212
2.740284531551659
2.729837200456107
2.7198190821584984
2.710194652169517
2.7009326309078814
2.6920053335923573
2.68338813993526
2.6750590580985363
2.6669983635048866
2.659188297601802
2.6516128150251825
2.644257370124943
2.6371087357238654
2.630154848442463
2.623384676051786
2.616788103195128
2.6103558325093443
2.6040792987217367
2.5979505937320435
2.5919624010363123
2.5861079381292216
2.580380905747963
2.574775443005349
2.5692860876109997
2.5639077405036588
2.55863563432057
2.553465305215061
2.5483925676046386
2.543413491491485
2.5385243820471866
2.533721761195825
2.52900235096524
2.524363058406632
2.519800961908489
2.515313298753022
2.510897453782139
2.5065509490563462
2.5022714344040202
2.4980566787705905
2.4939045622877933
2.4898130689922233
2.485780280130449
2.4818043679948776
2.477883590240687
2.474016284639462
2.4702008642298705
2.466435812829876
2.4627196808786067
2.459051081579264
2.455428687317259
2.4518512263303767
2.4483174796099663
2.4448262780141867
2.441376499576133
2.4379670669912756
2.4345969452700382
2.431265139542706
2.4279706930048994
2.4247126849929934
2.421490229179723
2.4183024718810735
2.415148590466329
2.412027791863832
2.408939311155614
2.405882410254611
2.4028563766587627
2.399860522276616
2.396894182319641
2.3939567142567
2.391047496826575
2.3881659291047
2.385311429620578
2.3824834355226097
2.3796814017873142
2.376904800470136
2.3741531199952384
2.3714258644818793
2.3687225531051284
2.3660427194888443
2.3633859111289786
2.360751688845402
2.358139626260584
2.3555493093035613
2.3529803357377244
2.3504323147110737
2.3479048663276822
2.34539762123915
2.342910220254966
2.3404423139707236
2.337993562413224
2.335563634701544
2.3331522087232277
2.3307589708247862
2.328383615515765
2.326025845185656
2.323685369833015
2.3213619068061235
2.3190551805546464
2.3167649223917
2.314490870265833
2.3122327685424096
2.309990367793957
2.307763424599004
2.305551701349047
2.967013979785462
2.9203314230831445
2.881475328957705
2.848224705495428
2.8191793074552733
2.7934013547174996
2.7702329916017217
2.749195464428805
2.729929808391984
2.7121601372412285
2.695669953007071
2.6802863130511176
2.6658689283501666
2.6523024619527877
2.6394909652002063
2.6273537785686956
2.615822458558773
2.6048384377516367
2.5943512181074513
2.5843169583211765
2.574697356604943
2.5654587578712693
2.556571433416647
2.5480089946695563
2.539747912186683
2.5317671180473864
2.5240476749044802
2.5165724987382907
2.5093261252016474
2.5022945115945614
2.495464868151458
2.4888255135914403
2.482365750867351
2.4760757598211605
2.469946504062065
2.4639696498672907
2.4581374952922053
2.4524429079872845
2.446879270470984
2.441440431812137
2.4361206648427394
2.4309146281593756
2.425817332284965
2.4208241094565293
2.415930586582994
2.411132660982505
2.4064264785636738
2.401808414161482
2.3972750537776935
2.3928231785088556
2.3884497499732094
2.3841518970719946
2.379926903941285
2.375772198968272
2.3716853447611888
2.3676640289753035
2.363706055908845
2.3598093387926595
2.3559718927060525
2.352191828058813
2.3484673445860134
2.344796725807962
2.3411783339127603
2.3376106050234
2.3340920448152462
2.3306212244532705
2.327196776821449
2.323817393019495
2.3204818191045096
2.317188853057294
2.313937341955021
2.31072617933363
2.307554302724898
2.3044206913544807
2.301324363988496
2.298264376917266
2.2952398220658887
2.292249825222201
2.2892935443734745
2.2863701681439363
2.2834789143259093
2.280619028497859
2.277789782723322
2.274990474325069
2.2722204247293036
2.2694789783752616
2.266765501685706
2.2640793820943426
2.2614200271264355
2.2587868635291057
2.2561793364482177
2.2535969086487917
2.251039059776303
2.248505285656263
2.2459950976297227
2.2435080219225902
2.241043599046599
2.238601383230138
2.2361809418771372
2.233781855052364
2.231403714991601
2.229046125635289
2.2267087021842884
2.224391070676499
2.2220928675832274
2.219813739424116
2.217553342399719
2.215311342040694
2.213087412872742
2.2108812380964675
2.2086925092813234
2.206520926072965
2.2043661959132717
2.202228033772391
2.2001061618922035
2.19800030954062
2.1959102127761665
2.193835614222353
2.191776262851332
2.189731913776395
2.1877023280528776
2.887470400207098
2.8350757658557177
2.791734647054455
2.754863793421188
2.7228334083088725
2.694552374954031
2.669256091359653
2.6463889742018516
2.6255352203266518
2.606375912379754
2.588661326574101
2.572192425477568
2.556808119391559
2.5423762725709946
2.5287872111406577
2.5159489446088865
2.503783587358233
2.4922246370967898
2.481214876149992
2.4707047326491223
2.460650986196691
2.4510157349369455
2.4417655633662836
2.4328708659881157
2.4243052931788514
2.4160452937833683
2.408069734932256
2.400359584001571
2.392897640953847
2.3856683118098414
2.3786574159180724
2.371852021166488
2.365240302427964
2.3588114194292644
2.3525554109409335
2.3464631027472924
2.340526027304394
2.3347363533543013
2.329086824055432
2.3235707024254615
2.3181817230866772
2.31291404946241
2.3077622357040712
2.302721192736781
2.297786157901778
2.2929526677491654
2.2882165335977374
2.2835738195318376
2.2790208225501156
2.2745540546191605
2.2701702264173593
2.2658662325819847
2.2616391382961596
2.2574861670726376
2.2534046896088205
2.249392213602513
2.245446374430942
2.2415649266069244
2.237745735935866
2.2339867723058973
2.2302861030509207
2.2266418868329154
2.2230523679956176
2.219515871346742
2.2160307973303905
2.2125956175552153
2.209208870647414
2.2058691584006946
2.202575142198115
2.199325539683115
2.196119121659255
2.192954709200094
2.189831170952376
2.1867474206172477
2.1837024145956137
2.1806951497849814
2.177724661516278
2.1747900216201104
2.1718903366128712
2.1690247459939
2.1661924206456518
2.1633925613295015
2.1606243972704138
2.1578871848242667
2.1551802062221093
2.1525027683860976
2.1498542018122593
2.1472338595156217
2.1446411160335797
2.1420753664836854
2.139536025672352
2.137022527251195
2.134534322918007
2.132070881659554
2.1296316890336078
2.1272162464877975
2.1248240707130424
2.1224546930294834
2.120107658802979
2.1177825268903514
2.115478869111714
2.113196269748303
2.110934325064352
2.108692642851645
2.106470841995468
2.1042685520607725
2.102085412897421
2.099921074263483
2.097775195465592
2.0956474450154516
2.093537500301625
2.0914450472758017
2.089369780152789
2.0873114011235
2.0852696200802843
2.0832441543539657
2.081234728461988
2.07924107386712
2.077262928746189
2.075300037768346
2.073352151882401